              precision    recall  f1-score   support

           0       0.97      0.99      0.98       460
           1       0.98      0.99      0.98       571
           2       0.91      0.95      0.93       530
           3       0.97      0.95      0.96       500
           4       0.97      0.94      0.96       500
           5       0.93      0.98      0.95       456
           6       0.97      0.94      0.95       462
           7       0.95      0.92      0.93       512
           8       0.93      0.92      0.93       489
           9       0.96      0.96      0.96       520

    accuracy                           0.95      5000
   macro avg       0.95      0.95      0.95      5000
weighted avg       0.95      0.95      0.95      5000
